accuracy: 0.7518248175182481
precision: 0.676056338028169
recall: 0.8135593220338984
f1_score: 0.7384615384615385
