accuracy: 0.7445255474452555
precision: 0.6621621621621622
recall: 0.8305084745762712
f1_score: 0.7368421052631579
