accuracy: 0.7372262773722628
precision: 0.6575342465753424
recall: 0.8135593220338984
f1_score: 0.7272727272727273
