Decision Tree:
Accuracy: 0.7388059701492538
Precision: 0.6915887850467289
Recall: 0.6666666666666666
F1 Score: 0.6788990825688074
