Decision Tree:
Accuracy: 0.7633136094674556
Precision: 0.6333333333333333
Recall: 0.6785714285714286
F1 Score: 0.6551724137931034
