Logistic Regression:
Accuracy: 0.7932960893854749
Precision: 0.7681159420289855
Recall: 0.7162162162162162
F1 Score: 0.7412587412587412
