KNN:
Accuracy: 0.863905325443787
Precision: 0.8235294117647058
Recall: 0.75
F1 Score: 0.7850467289719626
