Logistic Regression:
Accuracy: 0.8284023668639053
Precision: 0.7454545454545455
Recall: 0.7321428571428571
F1 Score: 0.7387387387387387
