Logistic Regression:
Accuracy: 0.8022388059701493
Precision: 0.7788461538461539
Recall: 0.7297297297297297
F1 Score: 0.7534883720930232
