Decision Tree:
Accuracy: 0.7821229050279329
Precision: 0.7272727272727273
Recall: 0.7567567567567568
F1 Score: 0.7417218543046358
