logistic_regression:
Accuracy: 0.7988826815642458
Precision: 0.7714285714285715
Recall: 0.7297297297297297
F1 Score: 0.75
decision_tree:
Accuracy: 0.7821229050279329
Precision: 0.7272727272727273
Recall: 0.7567567567567568
F1 Score: 0.7417218543046358
random_forest:
Accuracy: 0.8212290502793296
Precision: 0.8
Recall: 0.7567567567567568
F1 Score: 0.7777777777777778
