Random Forest:
Accuracy: 0.8171641791044776
Precision: 0.8604651162790697
Recall: 0.6666666666666666
F1 Score: 0.751269035532995
