Random Forest:
Accuracy: 0.8579881656804734
Precision: 0.8333333333333334
Recall: 0.7142857142857143
F1 Score: 0.7692307692307693
