accuracy: 0.8409090909090909
precision: 0.8253968253968254
recall: 0.8888888888888888
f1_score: 0.8559670781893004
