accuracy: 0.7877094972067039
precision: 0.7571428571428571
recall: 0.7162162162162162
f1_score: 0.7361111111111112
