accuracy: 0.8212290502793296
precision: 0.8
recall: 0.7567567567567568
f1_score: 0.7777777777777778
