accuracy: 0.7909090909090909
precision: 0.784
recall: 0.8376068376068376
f1_score: 0.8099173553719008
