accuracy: 0.8727272727272727
precision: 0.856
recall: 0.9145299145299145
f1_score: 0.8842975206611571
