accuracy: 0.7653631284916201
precision: 0.7105263157894737
recall: 0.7297297297297297
f1_score: 0.72
