accuracy: 0.7909090909090909
precision: 0.7751937984496124
recall: 0.8547008547008547
f1_score: 0.8130081300813008
