accuracy: 0.8136363636363636
precision: 0.8275862068965517
recall: 0.8205128205128205
f1_score: 0.8240343347639485
