accuracy: 0.8090909090909091
precision: 0.8205128205128205
recall: 0.8205128205128205
f1_score: 0.8205128205128205
