logistic_regression:
Accuracy: 0.8100558659217877
Precision: 0.7857142857142857
Recall: 0.7432432432432432
F1 Score: 0.7638888888888888
decision_tree:
Accuracy: 0.776536312849162
Precision: 0.717948717948718
Recall: 0.7567567567567568
F1 Score: 0.7368421052631579
random_forest:
Accuracy: 0.8212290502793296
Precision: 0.8
Recall: 0.7567567567567568
F1 Score: 0.7777777777777778
