Logistic Regression:
Accuracy: 0.8100558659217877
Precision: 0.7857142857142857
Recall: 0.7432432432432432
F1 Score: 0.7638888888888888
