Decision Tree:
Accuracy: 0.776536312849162
Precision: 0.717948717948718
Recall: 0.7567567567567568
F1 Score: 0.7368421052631579
